1 48274U 21035A   21293.23278380  .00014085  00000-0  16312-3 0  9990
2 48274  41.4698 240.4556 0001879 264.1971 242.2472 15.61548929 27259
1 48274U 21035A   21293.55552709  .00012157  00000-0  14136-3 0  9995
2 48274  41.4699 238.4902 0002053 262.0679 261.0533 15.61549733 27306
1 48274U 21035A   21293.55552709  .00012157  00000-0  14136-3 0  9995
2 48274  41.4699 238.4902 0002053 262.0679 261.0533 15.61549733 27306
1 48274U 21035A   21293.85470502  .00012165  00000-0  14141-3 0  9993
2 48274  41.4699 236.6668 0002047 264.1667 143.0081 15.61557239 27350
1 48274U 21035A   21294.12377596  .00011999  00000-0  13951-3 0  9995
2 48274  41.4698 235.0266 0002074 266.2770 215.4819 15.61562818 27390
1 48274U 21035A   21294.58033811  .00011611  00000-0  13984-3 0  9991
2 48274  41.4650 232.2573 0005638 231.1453 299.1406 15.60655097 27466
1 48274U 21035A   21294.88865294 -.00125271  00000-0 -14871-2 0  9997
2 48274  41.4672 230.3773 0006477 226.8422 237.9673 15.60629326 27518
1 48274U 21035A   21295.00751410  .00072904  00000-0  84980-3 0  9997
2 48274  41.4690 229.6566 0006561 233.5988 179.8796 15.60666791 27534
1 48274U 21035A   21295.18391669 -.00190598  00000-0 -22839-2 0  9998
2 48274  41.4707 228.5834 0006844 234.1903  91.6796 15.60614484 27552
1 48274U 21035A   21295.21564611  .00048820  00000-0  57148-3 0  9991
2 48274  41.4704 228.3913 0006801 233.8198 270.5684 15.60691997 27569
1 48274U 21035A   21295.78034073 -.00002084  00000-0 -20362-4 0  9990
2 48274  41.4704 224.9553 0006705 240.4277 200.7941 15.60674681 27658
1 48274U 21035A   21295.90862762  .00005009  00000-0  62585-4 0  9999
2 48274  41.4697 224.1728 0006726 240.5427 202.4055 15.60684462 27671
1 48274U 21035A   21295.96651600  .00005466  00000-0  67917-4 0  9993
2 48274  41.4696 223.8202 0006603 242.4900 166.1245 15.60685457 27687
