1 47989U 21024N   21293.00001157 -.00961036  00000-0 -10735-1 0  9991
2 47989  53.0431 242.8182 0001232  73.2782 198.3840 15.64686281  3709
1 47989U 21024N   21293.58334491 -.00961918  00000-0 -11276-1 0  9994
2 47989  53.0450 239.9589 0001054  89.1941 228.9374 15.63479511  3676
1 47989U 21024N   21293.58334491 -.00961918  00000-0 -11276-1 0  9994
2 47989  53.0450 239.9589 0001054  89.1941 228.9374 15.63479511 33882
1 47989U 21024N   21294.00001157 -.00957162  00000-0 -11603-1 0  9992
2 47989  53.0426 237.9226 0001332  61.2329  82.8222 15.62615285  3684
1 47989U 21024N   21294.58334491 -.00956951  00000-0 -12161-1 0  9990
2 47989  53.0451 235.0717 0001280  69.5271 116.6472 15.61410550  3708
1 47989U 21024N   21294.58334491 -.00956951  00000-0 -12161-1 0  9990
2 47989  53.0451 235.0717 0001280  69.5271 116.6472 15.61410550 34049
1 47989U 21024N   21295.00002315 -.00923630  00000-0 -12105-1 0  9991
2 47989  53.0422 233.0356 0001063  71.2481 297.8217 15.60526073  3677
1 47989U 21024N   21295.58334491 -.00952530  00000-0 -13105-1 0  9999
2 47989  53.0453 230.1999 0001032  71.6205 335.1509 15.59346328  3699
1 47989U 21024N   21295.58334491 -.00952530  00000-0 -13105-1 0  9999
2 47989  53.0453 230.1999 0001032  71.6205 335.1509 15.59346328 34198
1 47989U 21024N   21296.00002315 -.00944933  00000-0 -13424-1 0  9996
2 47989  53.0427 228.1715 0001297  75.8300 150.7299 15.58483278  3678
1 47989U 21024N   21296.33334491 -.00950844  00000-0 -13871-1 0  9999
2 47989  53.0426 226.5565 0001151  73.1663 224.1747 15.57802834  3704
1 47989U 21024N   21296.58334491 -.00950474  00000-0 -14137-1 0  9991
2 47989  53.0461 225.3438 0001214  82.4659 177.4732 15.57288359 34356
