1 48274U 21035A   21180.00610604  .00001786  00000-0  23250-4 0  9993
2 48274  41.4688 211.0048 0007434  18.0287  61.3066 15.62578991  9541
1 48274U 21035A   21180.13812465  .00001702  00000-0  22336-4 0  9998
2 48274  41.4688 210.1987 0007531  18.8781  84.0710 15.62579325  9560
1 48274U 21035A   21180.46483824  .00002682  00000-0  32966-4 0  9995
2 48274  41.4683 208.2053 0007417  20.9301 122.3329 15.62588332  9618
1 48274U 21035A   21180.52562709  .00002702  00000-0  33187-4 0  9991
2 48274  41.4682 207.8341 0007421  21.2614 104.4051 15.62588738  9622
1 48274U 21035A   21181.08744053  .00064408  00000-0  69373-3 0  9993
2 48274  41.4684 204.4119 0006655  35.4208  15.0615 15.62746534  9717
1 48274U 21035A   21181.22239267  .00027451  00000-0  29962-3 0  9992
2 48274  41.4709 203.5920 0006152  59.6256  31.0553 15.62714721  9732
1 48274U 21035A   21181.48908846  .00027481  00000-0  29978-3 0  9996
2 48274  41.4705 201.9666 0005949  56.7572  96.2557 15.62729058  9779
1 48274U 21035A   21181.98798313  .00027077  00000-0  29516-3 0  9996
2 48274  41.4707 198.9206 0005952  61.0043  22.3893 15.62754300  9852
1 48274U 21035A   21182.12094740  .00025671  00000-0  28005-3 0  9996
2 48274  41.4702 198.1058 0006591  56.7910  55.5924 15.62753199  9878
1 48274U 21035A   21182.37989858  .00018140  00000-0  19919-3 0  9993
2 48274  41.4678 196.5193 0006975  45.1385  85.9615 15.62750203  9918
1 48274U 21035A   21182.50917016  .00022558  00000-0  24652-3 0  9993
2 48274  41.4686 195.7349 0006596  59.3224  80.0254 15.62765143  9935
1 48274U 21035A   21183.07861345  .00002485  00000-0  30980-4 0  9998
2 48274  41.4678 192.2617 0007200  49.4295  57.0595 15.62459063 10022
1 48274U 21035A   21183.46584140  .00056924  00000-0  62090-3 0  9999
2 48274  41.4695 189.8991 0006697  43.9045  83.4993 15.62465770 10082
1 48274U 21035A   21183.72810061  .00012892  00000-0  14446-3 0  9990
2 48274  41.4683 188.3018 0006928  45.9578 118.5171 15.62446151 10128
1 48274U 21035A   21183.90408668  .00010345  00000-0  11669-3 0  9991
2 48274  41.4695 187.2248 0006811  46.6959  28.9705 15.62453209 10158
1 48274U 21035A   21183.97121693  .00007823  00000-0  89206-4 0  9998
2 48274  41.4693 186.8147 0006847  46.3374  47.4198 15.62453477 10166