1 44971U 20001BK  21180.09974944  .00038307  00000-0  39630-3 0  9991
2 44971  53.0195  71.3852 0001329  71.6684 288.4475 15.64371034 82140
1 44971U 20001BK  21180.09974944  .00038307  00000-0  39630-3 0  9991
2 44971  53.0195  71.3852 0001329  71.6684 288.4475 15.64371034 82140
1 44971U 20001BK  21180.41917447  .00064947  00000-0  66456-3 0  9997
2 44971  53.0195  69.8185 0001369  74.4144 285.7021 15.64419737 82192
1 44971U 20001BK  21180.86635016  .00090285  00000-0  91574-3 0  9998
2 44971  53.0195  67.6235 0001175  73.4927 286.6216 15.64504202 82263
1 44971U 20001BK  21181.05799022  .00093069  00000-0  94220-3 0  9992
2 44971  53.0191  66.6838 0001122  71.5081 288.6055 15.64538705 82290
1 44971U 20001BK  21181.37737998  .00088473  00000-0  89447-3 0  9999
2 44971  53.0192  65.1163 0001065  75.0462 285.0669 15.64594698 82345
1 44971U 20001BK  21181.95230616  .00079645  00000-0  80902-3 0  9996
2 44971  53.0190  62.2948 0001933  82.9136 277.2098 15.64519380 82435
1 44971U 20001BK  21182.08006659  .00065569  00000-0  66830-3 0  9993
2 44971  53.0198  61.6678 0001868  81.2874 278.8351 15.64514584 82456
1 44971U 20001BK  21182.27173219 -.00081203  00000-0 -83491-3 0  9998
2 44971  53.0196  60.7267 0001148  97.4629 262.6515 15.64368173 82483
1 44971U 20001BK  21182.91043730  .00295269  00000-0  28289-2 0  9993
2 44971  53.0208  57.5908 0002182 103.5162 256.6095 15.65198217 82581
1 44971U 20001BK  21182.91043730  .00295269  00000-0  28289-2 0  9993
2 44971  53.0208  57.5908 0002182 103.5162 256.6095 15.65198217 82581
1 44971U 20001BK  21183.35719211  .00175132  00000-0  16384-2 0  9995
2 44971  53.0205  55.3942 0001823  72.3858 287.7355 15.66196950 82653
1 44971U 20001BK  21183.35719211  .00175132  00000-0  16384-2 0  9995
2 44971  53.0205  55.3942 0001823  72.3858 287.7355 15.66196950 82653
1 44971U 20001BK  21183.61241956  .00219884  00000-0  20315-2 0  9992
2 44971  53.0200  54.1371 0000965  74.5401 285.5720 15.66355531 82693
1 44971U 20001BK  21183.93141698  .00367647  00000-0  32990-2 0  9992
2 44971  53.0210  52.5664 0000482  91.2081 268.8989 15.66601595 82746
1 44971U 20001BK  21183.99521078  .00371633  00000-0  33267-2 0  9990
2 44971  53.0211  52.2525 0000378  93.7898 266.3160 15.66648851 82758